#n  DM Mass (GeV)  sigma_He  
2  1e+01  2.952490329131656e-16
2  1e-01  3.549422407139841e-18
2  1e+00  3.7746612543158386e-17
2  1e-05  9.387054911731833e-23
2  1e+02  3.3214033278414597e-15
2  1e-03  2.1187976226525555e-20
2  1e+03  2.5310227115953126e-14
0  1e-05  6.360355023251853e-26
0  1e+03  4.541103154409306e-22
0  1e+02  4.097942709576771e-23
0  1e-03  2.278443214316985e-25
0  1e+01  5.4383844117198924e-24
0  1e+00  1.354669803555551e-24
0  1e-01  8.966773168192449e-25
-4  1e-03  3.3721750574889836e-41
-4  1e+01  1.5079826204969349e-40
-4  1e-05  4.024179294740972e-41
-4  1e+00  5.531602114263274e-41
-4  1e-01  4.845309289152927e-41
-4  1e+03  1.0646875574471034e-38
-4  1e+02  1.1569203228361815e-39
4  1e-01  7.1722565665207735e-12
4  1e+01  9.33511429188685e-09
4  1e+03  1.3796010414683927e-06
4  1e-05  2.6668992552566292e-20
4  1e+02  1.0925883258941192e-07
4  1e-03  5.720612457933147e-16
4  1e+00  4.5085132327793514e-10
-2  1e-03  5.9582990294778565e-33
-2  1e-05  6.838283027493765e-33
-2  1e+01  2.6315103270263845e-32
-2  1e+02  2.1164402544546425e-31
-2  1e+03  2.0706102049020867e-30
-2  1e-01  6.705773446294763e-33
-2  1e+00  7.406207573234803e-33
