#n  DM Mass (GeV)  sigma_H  
4  1e-03  3.7114277259089535e-17
4  1e-05  2.4357037178415603e-21
4  1e+01  2.4251589292418495e-10
4  1e+02  1.953257787620903e-09
4  1e+00  1.6540409901669928e-11
4  1e+03  3.123293035166255e-08
4  1e-01  3.5089413438992893e-13
-4  1e+02  5.379283188945812e-40
-4  1e+03  4.47364307577074e-39
-4  1e-01  6.741922346494738e-42
-4  1e-03  4.0266793840921325e-42
-4  1e+00  8.95061692870714e-42
-4  1e+01  5.77887688378846e-41
-4  1e-05  3.6203291296250543e-42
2  1e+01  2.0056881163518273e-17
2  1e-03  1.515884061871462e-21
2  1e-05  6.553394004326669e-24
2  1e+03  1.797524260771566e-15
2  1e+02  1.182381801752673e-16
2  1e+00  2.435020657465883e-18
2  1e-01  2.4621038382913336e-19
0  1e+02  1.0645260813838934e-23
0  1e-01  7.894037329665165e-26
0  1e+03  9.989796459157549e-23
0  1e-03  1.9014471457148158e-26
0  1e+01  7.891754318609442e-25
0  1e-05  5.721632145778239e-27
0  1e+00  1.3092834532392097e-25
-2  1e-01  9.40242698475075e-34
-2  1e+03  9.00580305877645e-31
-2  1e+02  7.03245236412185e-32
-2  1e+01  6.653000511013163e-33
-2  1e-03  7.990951893171551e-34
-2  1e-05  8.123692099036868e-34
-2  1e+00  1.478804245568471e-33
